-0.622826905753738,-0.635345438480324,-0.635319946816973
-0.553648952375846,-0.559065387916983,-0.559042335668829
-0.577813419471144,-0.588976389470769,-0.58911643762148
-0.628368428885376,-0.619784986990587,-0.619783904212776
-0.613013586777524,-0.62349076958369,-0.623375914884708
-0.583476602531885,-0.583717279604903,-0.583789684592412
-0.633735788076278,-0.632895904759159,-0.632757003884044
-0.610755277015504,-0.616467201552432,-0.616431359043529
-0.583624017379171,-0.582778884142447,-0.582843211614819
-0.542710164514061,-0.537510484573165,-0.537535402867973
-0.61408080467034,-0.629053968311102,-0.629135582252779
-0.607986394752417,-0.608082823435154,-0.607890420854174
-0.570964044599062,-0.583335529646611,-0.583211851264301
-0.559751029590516,-0.575800549104107,-0.574941321433862
-0.575456574823622,-0.57815790001658,-0.578160221093202
-0.658093264925762,-0.656748545157918,-0.656739573201947
-0.582148937298592,-0.584872090095061,-0.585210663069826
-0.648975118851287,-0.651508529148492,-0.65150354161711
-0.595357857083807,-0.606067188869473,-0.606477915280231
-0.608045310255701,-0.593654003404012,-0.593765089388087
-0.595084854447846,-0.604929578885165,-0.604963745747963
-0.546379226943326,-0.553767666745652,-0.553693580823477
-0.60566234585097,-0.60044135185032,-0.600642879255097
-0.584608561552912,-0.592080697121478,-0.592100328682939
-0.591158586221997,-0.600347041485683,-0.600334659638924
-0.597227556432694,-0.600818694880404,-0.600647307736133
-0.606850596806328,-0.603252885531303,-0.60367300989201
-0.587662988785013,-0.592087018988228,-0.591305051070778
-0.56597048765158,-0.572642385232858,-0.572671713232185
-0.606308730278407,-0.612705408462992,-0.612318185915423
-0.545964370819776,-0.555450009665388,-0.555252300674174
-0.615716004231527,-0.617584959353933,-0.617609371904683
-0.59325236355477,-0.604894741094896,-0.604730585001427
-0.60387785936068,-0.603652854368974,-0.603615573175041
-0.628778008235011,-0.615242640347915,-0.615260739734895
-0.581900150872422,-0.592594973701876,-0.592070844884676
-0.590375542157024,-0.586835128398175,-0.58677226070518
-0.632067453811903,-0.626008456033189,-0.626119815877757
-0.611722522824202,-0.607042301729674,-0.606401967958399
-0.544595896428679,-0.550245593716892,-0.550254700665168
-0.57593468643454,-0.582849315250022,-0.58272728035395
-0.60044026806035,-0.605247522613645,-0.60483937376883
-0.610850556667751,-0.620627601888487,-0.620245142011347
-0.563984052321492,-0.577720563474454,-0.577906784309418
-0.592635289283191,-0.598880125239851,-0.598554935797794
-0.613844756145412,-0.610678821977512,-0.610445148015081
-0.599358803608921,-0.596042239690034,-0.596122319972245
-0.569132436239283,-0.575832548779378,-0.575852190586925
-0.60099352878336,-0.615033697891007,-0.615039979127732
-0.568607369648495,-0.573508705590902,-0.573469491673642
-0.634005207454735,-0.647585063926375,-0.647450479998099
-0.574447154615067,-0.568444513384929,-0.568428120457479
-0.604016521458123,-0.595240298852523,-0.595239881031634
-0.57724768344,-0.574422973049566,-0.574462108522475
-0.577241049185816,-0.578967980870582,-0.578550976436974
-0.567582963717367,-0.561124315870027,-0.561142485305141
-0.637221995958118,-0.63965250111716,-0.639493815159433
-0.593402637515905,-0.593263886974782,-0.592728421920256
-0.598130103860235,-0.61288818336115,-0.612776291282995
-0.58654143813723,-0.584156310403127,-0.584142301116534
-0.604998542131268,-0.607683591906148,-0.607707988176425
-0.575269603733644,-0.56457860675916,-0.564478958943517
-0.619017935322109,-0.62406114716202,-0.624103406771914
-0.620308018847789,-0.612560187473851,-0.612549732434598
-0.606686954179564,-0.602015966751185,-0.601985664672077
-0.585303568472278,-0.583518733220076,-0.583576818584669
-0.561652310099005,-0.558399502874286,-0.558513486726051
-0.579699742946767,-0.571038401951056,-0.57071234750106
-0.578505885441426,-0.595151229544497,-0.5951258127631
-0.585075961746874,-0.583935415455884,-0.583930852358165
-0.610968418740877,-0.610974804221884,-0.610956356450067
-0.594226464928062,-0.592037058520113,-0.590649616602054
-0.586020427490373,-0.581950694337037,-0.581792852592543
-0.572988334298653,-0.578800834823492,-0.578314520427828
-0.558872157975762,-0.563423598934,-0.563687626353745
-0.595419200986888,-0.595849716493894,-0.595843003412655
-0.596678406005763,-0.60407588940107,-0.604005378851272
-0.560977955982092,-0.563532739678451,-0.563537542819856
-0.581013930998909,-0.573655143149305,-0.573686129750796
-0.592156062331795,-0.59700246319778,-0.597055122931745
-0.596425373868371,-0.59969362696494,-0.599709924088564
-0.579939464604591,-0.572040147460357,-0.572600702787677
-0.580647573391444,-0.583836519542595,-0.583697843238265
-0.575667472996491,-0.584118150396359,-0.584144491431647
-0.608268887917025,-0.604530053264399,-0.604528257160839
-0.553821810603572,-0.563865892188693,-0.563916286837416
-0.616831325736313,-0.6187459711378,-0.618734878705755
-0.613687294609031,-0.615495006539807,-0.615536254655524
-0.607649254176855,-0.617226466492293,-0.616693355951064
-0.59603340034155,-0.609143589294176,-0.609130376221547
-0.604839467175302,-0.61525336933944,-0.615407803029485
-0.582908526023423,-0.58877677781821,-0.588911337259513
-0.60823533229218,-0.622892807198892,-0.6228486905054
-0.626131523680793,-0.630010740081921,-0.629976164714345
-0.638332473912119,-0.638066598206119,-0.638161504391696
-0.573848383843851,-0.578852574293228,-0.578932820780752
-0.613052961571161,-0.61191308011417,-0.611818874114397
-0.624938520707682,-0.622678179980989,-0.622717252707787
-0.584698963337496,-0.604897556337328,-0.604889457968096
-0.589340088556755,-0.592369388841468,-0.592375679995655
-0.590001432438751,-0.596793656194966,-0.597157218347702
-0.603665749242324,-0.59671135073632,-0.596366933138273
-0.65975788520777,-0.668529158091638,-0.668519621758683
-0.568969924207758,-0.585256414219526,-0.585266711069945
-0.645584285737743,-0.621061502464158,-0.62105945069382
-0.552082340102086,-0.558821373780379,-0.55881074168197
-0.548766288291355,-0.568436849571361,-0.568461381615082
-0.617659894885187,-0.593807704493934,-0.593539581623085
-0.622309977541525,-0.628172609028382,-0.628065988079889
-0.559001610355459,-0.56559562153783,-0.565727447216152
-0.582857951186309,-0.583491374511761,-0.583489335627371
-0.588873340627742,-0.608317368162062,-0.608176041729054
-0.609294128992249,-0.610533870074028,-0.610569735574009
-0.600734712536407,-0.610247326008999,-0.610251577992444
-0.645206204062512,-0.649620584896828,-0.649732344142282
-0.586331498042573,-0.587469654568982,-0.587444661086504
-0.605315747198888,-0.61821653257103,-0.618227337639985
-0.544425784984293,-0.558636545373874,-0.55864244523572
-0.572161221126162,-0.583103944299323,-0.58314244915718
-0.611584594547751,-0.619208452964331,-0.6191493197223
-0.592811706543389,-0.581655614656483,-0.581715182663932
-0.584670433431895,-0.581302228444701,-0.581368201270632
-0.611432838601923,-0.598617014223997,-0.598667900978044
-0.573824420408673,-0.594939756962925,-0.594880492504204
-0.641388375147793,-0.62866662374611,-0.628589559049393
-0.613860004147771,-0.611352804193895,-0.611395973620828
-0.610771490182115,-0.600916682186315,-0.600909618889828
-0.592592837588887,-0.595519057952422,-0.595447246441195
-0.628646432776442,-0.624199965413434,-0.624048006519407
-0.587662197583088,-0.598070058485783,-0.598136821582276
-0.587703593925526,-0.598242298300826,-0.598264046951697
-0.611423376734563,-0.61040042155175,-0.610056111763962
-0.595882389937801,-0.592868209807007,-0.593569737399735
-0.645377873688063,-0.64226912960954,-0.641716624024379
-0.580617278644312,-0.583928586803625,-0.583947628057764
-0.568186306778963,-0.564357037273726,-0.564327391866014
-0.609476860667657,-0.600165755938681,-0.60132054559305
-0.560965631566591,-0.565324477316025,-0.565547155359962
-0.564613144528223,-0.56525065027024,-0.565199378883399
-0.632698510887573,-0.630333288574834,-0.630914031206277
-0.586854769248276,-0.601459434488838,-0.601212169568941
-0.584698732024754,-0.576604645398345,-0.576618458906478
-0.573881695512628,-0.572535848881311,-0.572587895699308
-0.609631251471407,-0.625572265807208,-0.625573932610117
-0.549830688701941,-0.568698604672805,-0.568400711453377
-0.575662170774851,-0.577920653374397,-0.579318107961766
-0.599491518276129,-0.593013703969153,-0.593121711168342
-0.63373547169839,-0.638233335610294,-0.638231021033068
-0.579100456787723,-0.586259051699135,-0.585963409338221
-0.5874080213143,-0.588070659032068,-0.588133357075687
-0.611284539922218,-0.602385961924861,-0.601970251822818
-0.615155122478419,-0.620963005129426,-0.620950497820571
-0.581799229087624,-0.58779457830708,-0.587792837312645
-0.576701431099283,-0.584414172784977,-0.584854051435756
-0.567837323892836,-0.563977469342891,-0.563993614107615
-0.573643715427524,-0.581867228333082,-0.581978094290734
-0.589700800992742,-0.597130770653907,-0.597085119016987
-0.613382586274533,-0.617480960073016,-0.6173458235294
-0.583294502836784,-0.588262070442298,-0.588285316451929
-0.602111921997157,-0.597598378716666,-0.597990813950905
-0.610014180510366,-0.615625530681055,-0.615660290389864
-0.567325549074389,-0.556033544949504,-0.556117836397222
-0.577359568078517,-0.584118164089908,-0.5841273163039
-0.603471493386741,-0.605793975821145,-0.605884101699039
-0.5989294950494,-0.600222700403487,-0.600261182150615
-0.592603775577787,-0.590449709041455,-0.590426410998312
-0.594111675812362,-0.589999542804694,-0.589994927876037
-0.586991833698887,-0.589717756584239,-0.589433797197826
-0.582218882324635,-0.589590332699609,-0.589641058503046
-0.574586866381193,-0.578255774328025,-0.577636981642864
-0.677938552109712,-0.676619571159324,-0.676567667447275
-0.634947096934466,-0.629459176360319,-0.629189889186505
-0.589475235142058,-0.579195263000043,-0.578481755848923
-0.592916876172101,-0.5915025174347,-0.590846774926042
-0.55565215746049,-0.568226857735532,-0.568175456504822
-0.588977087393571,-0.603353475066121,-0.603485392130875
-0.544700941090551,-0.549472518215432,-0.549470232245099
-0.617157436807231,-0.625082027295485,-0.62543057109403
-0.588734785597845,-0.59375974917506,-0.593521530288013
-0.54723225623526,-0.554673164892792,-0.554699230435706
-0.602431591199829,-0.607826786476354,-0.607717176336226
-0.61297175154222,-0.619934452364849,-0.619605633273392
-0.585187580330872,-0.591099674200614,-0.591348813730567
-0.580737760211528,-0.590635173695654,-0.591191379640822
-0.540177781690926,-0.541004279964903,-0.54098878507868
-0.609935352641412,-0.606958054093331,-0.607557541254819
-0.564265292904961,-0.578934888003483,-0.578722208814111
-0.605582660521474,-0.603299812118369,-0.603370884602073
-0.642157504719392,-0.64633505834883,-0.646241843573871
-0.604541409722001,-0.603424123325062,-0.603227027735995
-0.591493552488721,-0.589979031262846,-0.589852327541054
-0.595343604243837,-0.614127638246358,-0.614126033167359
-0.622216497042372,-0.626995846154074,-0.627010597675267
-0.591875999937337,-0.598623176404965,-0.598659862514816
-0.634559597377993,-0.623870288432744,-0.62392586226346
-0.597912175752591,-0.6079995360762,-0.608184733258111
-0.582938872053072,-0.599099982982907,-0.599172934236195
-0.63801326195146,-0.651751982870815,-0.651754140100483
-0.551303514954047,-0.553161358968142,-0.553146705975962
-0.609134710309451,-0.607384423153655,-0.607424017157284
-0.60572802822263,-0.609377759734574,-0.60950490128426
-0.576633550680575,-0.582325152981946,-0.582232344805993
-0.607294384623068,-0.593789785825741,-0.593523633643856
-0.565275077098199,-0.568257279791112,-0.568208705815625
-0.550838984089393,-0.547098765144869,-0.547072983493986
-0.590913267941434,-0.588775459078559,-0.588784540910295
-0.593592600017547,-0.605222804881711,-0.605427033003182
-0.569685436059172,-0.576718417701412,-0.576713828010815
-0.590027439936247,-0.586674443772576,-0.586634462388493
-0.579424204039647,-0.585181810517923,-0.584789677547981
-0.601832068204401,-0.605989218529772,-0.605980055934538
-0.618721545663088,-0.622587681851429,-0.622609004127625
-0.579088212532277,-0.592287677214529,-0.592282350950234
-0.587370738229665,-0.569424633427989,-0.569747988756951
-0.584937863427155,-0.575789653184305,-0.575772360018569
-0.563787930293626,-0.556406837214718,-0.556150449264932
-0.565254673633212,-0.563602654716174,-0.563406329551306
-0.600897862189829,-0.605419183967463,-0.605414340558248
-0.597870788328375,-0.605193866174643,-0.603782516768704
-0.562352776363814,-0.573300574032386,-0.5733031003962
-0.582707272721677,-0.586804283903737,-0.586817448998964
-0.589824269109359,-0.59359335447626,-0.593386811394554
-0.603774802973433,-0.597096320572316,-0.597123388118263
-0.592552122940843,-0.592821005228577,-0.592474695894911
-0.593933528866322,-0.599166866648934,-0.599107270410133
-0.632846608359656,-0.628875439138514,-0.628755127522773
-0.60212607814615,-0.612002403293399,-0.611822448704422
-0.590307999253376,-0.596335191064617,-0.596334617079311
-0.631293439989646,-0.628396109698006,-0.629087511962055
-0.562177342954265,-0.561977890331205,-0.561461536977424
-0.555660559910239,-0.560353046215447,-0.560752779335698
-0.635449433038525,-0.637002721274819,-0.636934037066143
-0.605211355531262,-0.62256628114133,-0.622568621245508
-0.586341166897477,-0.582819136882539,-0.582222158103701
-0.611406519087634,-0.61387946255385,-0.61388061467809
-0.567326821282882,-0.57121795772241,-0.571181559047762
-0.601135011502628,-0.584925648439566,-0.58523390113208
-0.587439713269948,-0.573975924416302,-0.572620953996688
-0.584539305934091,-0.589058024700477,-0.589063281634391
-0.583200150945656,-0.580236216711921,-0.580124510605917
-0.632433477380938,-0.618384714035687,-0.618386999948836
-0.555070436396989,-0.560777451961393,-0.560691006114707
-0.580679838444143,-0.585488888467205,-0.585761363395643
-0.623718390998489,-0.631609070570802,-0.631532422553995
-0.583246649253676,-0.58189539741509,-0.582108865333548
-0.557336585248405,-0.563012947086825,-0.562887125184137
-0.578755553674738,-0.573239001950408,-0.573190812455573
-0.625142573711871,-0.623102676203854,-0.622755121862157
-0.620100857589881,-0.629247873491536,-0.629235340997351
-0.578462738381215,-0.583062216232408,-0.583032370058366
-0.584752699337436,-0.584306458034986,-0.584316490642925
-0.578513963472333,-0.589577463875518,-0.589202267525406
-0.612434349074969,-0.619874343709171,-0.619925997082907
-0.603029047160288,-0.617499700021639,-0.617326548144714
-0.557952491176031,-0.562880156640641,-0.5628803920525
-0.558750065397923,-0.583262903335639,-0.583276395037229
-0.57032850971666,-0.577071811892048,-0.577079667692966
-0.606122669505709,-0.600709017982312,-0.600851829007023
-0.580690381807925,-0.577787193579735,-0.577721827524172
-0.575883412578684,-0.562817318286783,-0.562817315271288
-0.620514928465053,-0.620391742674843,-0.620376401764241
-0.601212347483957,-0.600140101623296,-0.600165828224225
-0.579084786222579,-0.583381821927368,-0.583482673956796
-0.592150561804254,-0.59083193252792,-0.590725373035063
-0.572020367441518,-0.585954326582113,-0.585963792006834
-0.593445522972085,-0.588369023364437,-0.588278070495789
-0.631791640040264,-0.640189409607578,-0.640337184571298
-0.619346690094416,-0.613071107069768,-0.612918828196708
-0.580054229731109,-0.590156187851414,-0.589852344082966
-0.645967812232155,-0.642915136627351,-0.643234993498348
-0.63048015904403,-0.616711671119725,-0.61686720326894
-0.652649227868873,-0.660216567898312,-0.660369493109484
-0.600451096438799,-0.60070761797565,-0.600461726554803
-0.56021985051195,-0.558668315202795,-0.558624555164816
-0.577266762965788,-0.582895205951243,-0.58247985512394
-0.603864538068814,-0.597310089596917,-0.597220433112397
-0.652803087340015,-0.649715016665916,-0.649585109145411
-0.621788252030583,-0.609581788039787,-0.609620028176134
-0.58519796766823,-0.589893502294422,-0.590649768659412
-0.572378010558183,-0.585881659629426,-0.585885815407893
-0.599786846369281,-0.604467435776154,-0.604508503422396
-0.575233293167235,-0.565448191397861,-0.565465591806965
-0.599549312466075,-0.59995034294591,-0.599970057269015
-0.602227837444613,-0.610981546860597,-0.610849770290214
-0.657688252732164,-0.660772263835231,-0.660742686354012
-0.596841407072209,-0.593230777006569,-0.593231003434747
-0.600208508362059,-0.600245387686211,-0.600224224784543
-0.568189470964389,-0.571925618393398,-0.572114932911171
-0.609130870255468,-0.621182592575361,-0.620622557989585
-0.599379146668373,-0.603469129844828,-0.603621401266818
-0.539675232019922,-0.550641411700143,-0.550641926768228
-0.581596567869843,-0.578188405109228,-0.578204061019001
-0.587174386113786,-0.597679858209734,-0.597642562170024
-0.629881073405163,-0.62245731128166,-0.622406003896264
-0.572741798653309,-0.565457765177937,-0.565489482422069
-0.589778530699659,-0.580533018859703,-0.580247931184099
-0.62864886731941,-0.625033641334542,-0.625420908863241
-0.581076142744495,-0.589229036292905,-0.588823653943083
-0.596619242147514,-0.579240028189015,-0.579225972349941
-0.600319808204819,-0.606389634562897,-0.606236429694898
-0.623378545172898,-0.626165269824123,-0.625804214542435
-0.602217977089831,-0.608766574568199,-0.607685386823566
-0.551273874506254,-0.569229243233148,-0.569235196491538
-0.633326123238542,-0.632197004797714,-0.632519545851821
-0.575311437220712,-0.579649981384341,-0.579652098206653
-0.558803829781214,-0.571480086343955,-0.572148855931684
-0.585470993922559,-0.590270794935279,-0.59130857209908
-0.589052342671281,-0.598760684368068,-0.598707445000612
-0.556117701047891,-0.5707751926395,-0.570328416941147
-0.614263170209666,-0.614592402957922,-0.61461651502248
-0.595449296689756,-0.603778306491765,-0.603860112055941
-0.560653678083436,-0.558365762184473,-0.558391804466843
-0.589848734406464,-0.596856080961553,-0.596712347233121
-0.608256440103052,-0.60738177926965,-0.6073970854075
-0.553906770917586,-0.557145608501153,-0.557118578126002
-0.592442546833591,-0.59596378466339,-0.595961553653707
-0.617661744630287,-0.613825944982143,-0.613804721619513
-0.585075257162499,-0.576224525139798,-0.576373886006221
-0.599977768477172,-0.588690020198259,-0.588631607477609
-0.532153308155796,-0.538391450262446,-0.538015163064219
-0.610806332182622,-0.601919722417346,-0.601726970907276
-0.598768588775268,-0.608419168909757,-0.608535202388579
-0.610897838437257,-0.623993364107827,-0.623976084364733
-0.638673703478036,-0.638074678449816,-0.638031813079666
-0.579205990559668,-0.599231803005359,-0.599231115411758
-0.555616323911527,-0.56792086568853,-0.567426239557162
-0.614671504697125,-0.62279963048344,-0.62279275194328
-0.676416931369183,-0.671882672786446,-0.672150821612125
-0.59583814630339,-0.595560368758692,-0.596867262775589
-0.554897819456328,-0.545836396707385,-0.545836269691344
-0.648539033454639,-0.636809635421918,-0.636999356709886
-0.569140921903331,-0.578637324868199,-0.578585659232596
-0.600966388633415,-0.613894171548159,-0.613899225474593
-0.586667821799614,-0.605677146708892,-0.605518410054596
-0.588421462497021,-0.589003977253608,-0.588824519993154
-0.569432507181056,-0.578076778756266,-0.577081925514853
-0.614845148759495,-0.603493706749047,-0.603366651143248
-0.596170436131999,-0.586287455814125,-0.586258251303501
-0.548720185214205,-0.558730738093225,-0.558728642768484
-0.618582730356524,-0.605948888682422,-0.606182474569908
-0.619917465339544,-0.619580949161914,-0.619699009660998
-0.622417868637642,-0.613488557751555,-0.613396200309112
-0.624345283606112,-0.638293758645648,-0.638232695617319
-0.615355550443647,-0.624726345042908,-0.624739832817761
-0.626280292987758,-0.634854761395152,-0.634836766999687
-0.560456802868005,-0.572807052512127,-0.573359880035491
-0.59918407711361,-0.607684028638982,-0.607844767136264
-0.577395796294906,-0.583965330030797,-0.583851235868901
-0.649438036448135,-0.643416963923627,-0.643356160336355
-0.613599801787332,-0.61268854937643,-0.61280633598342
-0.571170361274443,-0.573107146677849,-0.573104425212119
-0.573793580504618,-0.584398001870629,-0.58356440256587
-0.554196864377472,-0.554274718034651,-0.554227499608004
-0.642369404650693,-0.654622778951504,-0.653934915131337
-0.592685664541314,-0.587493954936868,-0.587345205867956
-0.586345340023429,-0.591179007728136,-0.591189710311513
-0.592930448550981,-0.597911818973825,-0.597910768468862
-0.575109031331016,-0.587493659847398,-0.587508130691801
-0.625658466160272,-0.638573722463909,-0.638569832047181
-0.554918894561448,-0.565343895448199,-0.565320296289334
-0.537631804814113,-0.53657837959139,-0.536475642707767
-0.650194030572074,-0.639777320105156,-0.638581998064084
-0.623658139899486,-0.63664444979568,-0.636599550803024
-0.535171015124922,-0.544627243668467,-0.544618379643215
-0.600543336764861,-0.579715786028845,-0.578557999818095
-0.604705776034635,-0.604772710029223,-0.604842362528907
-0.582235690770997,-0.59941869384715,-0.599472648141968
-0.608252024785405,-0.60165607980715,-0.60163178038765
-0.596978073824058,-0.604505672962347,-0.604547742783596
-0.646166892733006,-0.638741885771133,-0.638868313522853
-0.59642163071565,-0.607885180414424,-0.607783022301071
-0.588602193103433,-0.597122494096734,-0.596922891034204
-0.623254552848113,-0.614741811461636,-0.614641000778917
-0.608560835375634,-0.617307002327185,-0.617168511249162
-0.59836821775103,-0.612145962946427,-0.612247081099743
-0.565125380327233,-0.571627156317043,-0.57148340075346
-0.567938259312311,-0.575886284828726,-0.575884736249005
-0.623456258296361,-0.612701294982724,-0.612487423790842
-0.595129649928829,-0.59601833497956,-0.595996840220992
-0.554986165451265,-0.557016022454001,-0.557056017908807
-0.592523335216549,-0.593498393288156,-0.593622269465037
-0.582172135105054,-0.582514788483934,-0.582547025166638
-0.612929986506204,-0.624824925436705,-0.624920744801071
-0.621095689526492,-0.612629344386688,-0.612709151542348
-0.588840333648769,-0.593471550853632,-0.593472541857366
-0.542594234197993,-0.552086453947423,-0.552023699090042
-0.634267198605532,-0.641743926196619,-0.641839768713363
-0.581870003245238,-0.579790055394949,-0.579808649079206
-0.631764547174647,-0.626052634932229,-0.626225682364126
-0.580931829922064,-0.584183254668352,-0.584200985376453
-0.612701553368959,-0.614530729950787,-0.614506347782748
-0.624011822094362,-0.602484959876584,-0.602403075413875
-0.563695679050058,-0.580216882110568,-0.580185656187648
-0.580484487163978,-0.583497020712402,-0.583428069675487
-0.594135997289662,-0.601793663047927,-0.601874971275636
-0.578353670468557,-0.608770977013016,-0.608719544141026
-0.562262244879524,-0.559610270319422,-0.559554928613547
-0.619361566972008,-0.619461677279198,-0.619576519056187
-0.608807691889884,-0.612613001927868,-0.613237726746451
-0.633659382295151,-0.628473546824299,-0.628365694285862
-0.583882241042261,-0.608151392411648,-0.608226690509156
-0.565196638539705,-0.577552413566113,-0.57748589670299
-0.62031068847902,-0.612756131803474,-0.612859472734977
-0.59297607242524,-0.602020911605362,-0.602109213452758
-0.59014942032836,-0.587900942950011,-0.587571004037039
-0.566042953072316,-0.562048976613244,-0.562039323244798
-0.595403991775762,-0.608513298938402,-0.608377775533785
-0.635414816396429,-0.639592441349863,-0.639615971713868
-0.578729392392248,-0.583276939110005,-0.583246996033483
-0.602897225067141,-0.605656386008887,-0.6057030316427
-0.5850476551868,-0.596633479520521,-0.596185503892298
-0.620538600556455,-0.618459008565546,-0.61788521054734
-0.601082564970479,-0.586117107664204,-0.586304305458126
-0.591321220369909,-0.585994117780721,-0.585994628003164
-0.566034412164326,-0.571127779288887,-0.571075892004952
-0.555638256933995,-0.575727907895506,-0.575651956171956
-0.611894811906241,-0.613875512439993,-0.613950932335746
-0.577027229240647,-0.581090887597581,-0.581587847325286
-0.573872468532444,-0.572153765831784,-0.57249268580094
-0.582912957185812,-0.595539123483937,-0.595204242366508
-0.532018024917552,-0.551443840625457,-0.551482537218269
-0.566363566663646,-0.567212064401866,-0.567132613604699
-0.58511139281279,-0.591929770038422,-0.591735200284494
-0.602316490016901,-0.593704416784496,-0.593697980713252
-0.634271462592726,-0.637571033876315,-0.636818203537728
-0.578550639976325,-0.592523944231551,-0.592531248453538
-0.611453311173329,-0.60859052680736,-0.60863801142651
-0.560726464902331,-0.578399375618072,-0.578295318402419
-0.573815121121213,-0.561507926939102,-0.561508007165334
-0.570900236129163,-0.578866854969064,-0.579210023284869
-0.653744988832289,-0.645202708333903,-0.645228050677269
-0.594286448891239,-0.593809493355236,-0.593687122782947
-0.582124022116749,-0.588476338802057,-0.588394644853132
-0.585476185715733,-0.59091374307879,-0.59094384217455
-0.586123270699034,-0.583719315295228,-0.583715662401005
-0.543770515744723,-0.542770116735687,-0.54280333825766
-0.568224549900073,-0.554083531740945,-0.554070532623202
-0.638091917325036,-0.646363285328753,-0.646365973496922
-0.591399276280568,-0.600482849137366,-0.600449605157197
-0.583183567862846,-0.58829621492129,-0.588313474635476
-0.598198466575031,-0.59155791556102,-0.591584008558061
-0.570502872581892,-0.564722576589668,-0.564608470478664
-0.645176733408099,-0.625968506158878,-0.626592802408797
-0.628620377844314,-0.612310456787186,-0.612274626086965
-0.626873554909908,-0.615201089397972,-0.615274195907166
-0.65129696527325,-0.63094407457947,-0.630757012278163
-0.649312985912519,-0.643765096656777,-0.643562648611449
-0.529816218964374,-0.541314635330227,-0.541309175814282
-0.602876268123644,-0.591452906556471,-0.59144148967216
-0.627413249798909,-0.587122323810013,-0.587098452329378
-0.544587332855288,-0.563688720208056,-0.563685748477435
-0.548891384187286,-0.555100598134472,-0.555092459671998
-0.600066808066264,-0.604145719841652,-0.603221166801635
-0.564958620904183,-0.560049749922675,-0.560238817953391
-0.553211469022592,-0.556281225119593,-0.556200438916586
-0.610476901091806,-0.597921965043278,-0.597921345528474
-0.681469227850567,-0.672591972152866,-0.672696341526713
-0.627222653463224,-0.639488376304873,-0.639470387347307
-0.637051225526528,-0.653554501308437,-0.653535400098082
-0.634660933329978,-0.646162205622833,-0.646096970936248
-0.623237591738395,-0.606995089279208,-0.607739699353993
-0.5600445704583,-0.570783656493698,-0.570975467867929
-0.627431889741064,-0.623313786961883,-0.623223642482248
-0.620049760176798,-0.630490292584931,-0.630759402625043
-0.632283229411124,-0.617360995564132,-0.617359114047798
-0.656475079089432,-0.669634479163236,-0.669632268611642
-0.612280743647154,-0.631781844503227,-0.631524323449862
-0.560993285947644,-0.570312094962679,-0.570298485713823
-0.601637992746986,-0.591574263577045,-0.591819845233774
-0.59333874397212,-0.578779596676331,-0.578438962186069
-0.590663254725928,-0.599238261837662,-0.599235086697576
-0.648899844473135,-0.640907420474437,-0.640865827414317
-0.559144212374157,-0.577944412554155,-0.57790473602299
-0.553775348082427,-0.563712275471725,-0.563635756152386
-0.627874583087934,-0.617444086559628,-0.61733076500486
-0.63568272337682,-0.609101488196714,-0.608518393224979
-0.608321877125839,-0.594325184960127,-0.594419508613732
-0.558735095814108,-0.564561767773411,-0.564708046154038
-0.610739197224502,-0.616268923997937,-0.61625845502213
-0.592770113345721,-0.580602986700549,-0.580414413228252
-0.554113478648647,-0.567006936724544,-0.566938108407172
-0.598816896338157,-0.612102795249171,-0.612094028338151
-0.59562011471682,-0.596533720724633,-0.596649349753224
-0.592353464434956,-0.595010564609779,-0.593817134816499
-0.601609436269426,-0.615986421175454,-0.61616306660381
-0.621129716915299,-0.613876173736508,-0.613725007416647
-0.592416002851417,-0.607842702092177,-0.608169421332804
-0.604502006332066,-0.607078016423223,-0.607042803606709
-0.637442402374913,-0.632535638608027,-0.632693155145287
-0.636471480383263,-0.63898509018675,-0.639164963611326
-0.597887892202615,-0.606363255484181,-0.606378776222881
-0.543400638150655,-0.555071428481529,-0.554837604749004
-0.593814136120278,-0.608348219473613,-0.607876713005664
-0.637963695523646,-0.622728790315342,-0.622693994532144
-0.580461445931871,-0.572787608680828,-0.572778943767344
-0.571369363489271,-0.57609722093417,-0.576011237274361
-0.621561535935546,-0.619237838775182,-0.618746330977932
-0.584363975121823,-0.585278692396311,-0.585078078024855
-0.593299013371438,-0.605906565608803,-0.605903655811517
-0.604087439531541,-0.619578061530052,-0.619606894911066
-0.546577644273872,-0.540550167245254,-0.540313080582878
-0.554862730669311,-0.566768820988101,-0.56736766400807
-0.633714378882306,-0.59557625962018,-0.594836803859242
-0.595737868629138,-0.61723311682027,-0.617015071531471
-0.67124526198171,-0.661970895003604,-0.661961264807936
-0.669375407535882,-0.653779753337844,-0.654462629470846
-0.629730876922437,-0.618890455816247,-0.618887221734647
-0.595449123403776,-0.598632619632612,-0.598421607949447
-0.604247913599904,-0.609814739373084,-0.609550919002632
-0.550017866561689,-0.558003727172945,-0.557916954695079
-0.580972864053705,-0.598688427323434,-0.598493108667619
-0.642534021697458,-0.641323210917556,-0.640929392750338
-0.604969242650731,-0.607432517953685,-0.607378652628276
-0.536646715967635,-0.545882787349781,-0.545883563012839
-0.625445620141507,-0.63673754838363,-0.63690878063336
-0.59676507005529,-0.59589677863481,-0.59585851505475
-0.603548972833022,-0.614380393223938,-0.614378907840587
-0.644076702120636,-0.640721417603922,-0.640715795630489
-0.592243034733057,-0.57520274669205,-0.575169809247831
-0.626359459997767,-0.639775760519799,-0.639647702705065
-0.623884477356233,-0.624719761753546,-0.624623433171693
-0.568799955427354,-0.582025452534912,-0.582013411412636
-0.582491860184327,-0.595671200462524,-0.595670246996218
-0.600968415751063,-0.602994496630651,-0.603239502814059
-0.606732674520266,-0.611423693347016,-0.611496121448848
-0.619495835930414,-0.629281630683978,-0.629283440361419
-0.59733715781451,-0.600123219729602,-0.60016173405236
-0.61880311635775,-0.615807459008501,-0.615928723630187
-0.603624563516446,-0.604101931962983,-0.603840359356084
-0.601450185740281,-0.601146326100128,-0.601599078944682
-0.634293239100904,-0.637997499746288,-0.638481211050352
-0.566879432409146,-0.58774850151192,-0.587354673153917
-0.56385342389363,-0.576900488644037,-0.576899810396103
-0.601737962320246,-0.602199731446054,-0.602183123956249
-0.614991405306958,-0.615144598688457,-0.615511734462955
-0.630867292992477,-0.628947310868831,-0.629094500016366
-0.600055056446846,-0.604580810822893,-0.604580642949846
-0.644647474480955,-0.640297200038034,-0.640413075897425
-0.607237941718997,-0.597077889924791,-0.597269717281355
-0.546815753346226,-0.557021974523478,-0.556566331583588
-0.623473953740118,-0.631595560109033,-0.631599327066583
-0.565136641802008,-0.566622549681489,-0.56657029829043
-0.602984648309967,-0.614045493910113,-0.613998324531845
-0.622454167083092,-0.61865127011138,-0.618675404308981
-0.610996248568517,-0.606343526669744,-0.606377341936807
-0.551096690788082,-0.562454352586221,-0.562429508909316
-0.533188828590122,-0.54408530130614,-0.543710786848054
-0.554257249437043,-0.554322807708886,-0.554572508037932
-0.594741803974759,-0.61452236743364,-0.614521618249432
-0.589163402329991,-0.596950497992194,-0.596874779759063
-0.645011896314728,-0.646943431412762,-0.646674261556668
-0.591886469286802,-0.598094189923238,-0.597911498607101
-0.543285615773862,-0.550729604471919,-0.550727655355702
-0.598472392068143,-0.599593821965712,-0.600068243265593
-0.607775675603547,-0.607826191612072,-0.607903140618616
-0.616987611329949,-0.616241784332894,-0.616221972703644
-0.61642532053672,-0.630062962417511,-0.630102971923615
-0.6071555337088,-0.616537695752391,-0.616553044266558
-0.584517306161699,-0.592021906639512,-0.592086216966517
-0.62465288359091,-0.624402364891053,-0.624420474427662
-0.625856083755047,-0.605148101516166,-0.605147149915344
-0.560578985518525,-0.560664930704076,-0.560695824559909
-0.606748452930065,-0.59728062039306,-0.597408902126361
-0.566426591684168,-0.569166065078686,-0.569166668298092
-0.620492683972529,-0.615367368753715,-0.615378450778405
-0.628537787062692,-0.61705615836843,-0.617079271063053
-0.540006803903889,-0.550321485839713,-0.55033954957195
-0.639900259521253,-0.63000100896895,-0.630030117815177
-0.621461541257137,-0.627006431079772,-0.627019091677715
-0.53868549903458,-0.55770226123673,-0.557595221328541
-0.620753372612613,-0.615494755344774,-0.615089996429546
-0.587938815566942,-0.598729702705081,-0.598913554142753
-0.580505676598189,-0.568825504947812,-0.568322172780397
-0.593550244883603,-0.602289063932847,-0.602226225280423
-0.559101550138461,-0.569060406915756,-0.569063376797749
-0.631706849390954,-0.633213745019919,-0.633213689812067
-0.621167549823668,-0.624459002013242,-0.624460864698318
-0.612591577301677,-0.612002007512452,-0.611719379470001
-0.591992577150047,-0.601153843240822,-0.60113694459909
-0.560697286212665,-0.563436299638515,-0.563446630776538
-0.606916159895511,-0.61148107684845,-0.611511799162129
-0.578769695714704,-0.57780881597031,-0.577615593719069
-0.616281832818114,-0.606570234729295,-0.606489442053962
-0.596130939613273,-0.600557907432568,-0.600549490217434
-0.617850282526179,-0.615720975366835,-0.615597243808935
-0.611560728591682,-0.616891543250912,-0.616827237909472
-0.578463705413029,-0.581669481820488,-0.581548460088896
-0.578659077304886,-0.588771367862249,-0.58880135237618
-0.560671137907174,-0.557509349236412,-0.55741368739602
-0.68440219228607,-0.671182607947074,-0.670931277443982
-0.559013593017059,-0.566993582846283,-0.566734318323679
-0.598999397698202,-0.607712214916466,-0.607731878164983
-0.638811577509913,-0.625139331481599,-0.625151859682851
-0.592824934748545,-0.578987327832865,-0.578605006256559
-0.621875842877727,-0.620261524812563,-0.620378310676788
-0.612626649150112,-0.613373165702265,-0.613365144703336
-0.625818707029284,-0.62991510536561,-0.629888503269979
-0.589110050628653,-0.591958607188163,-0.591945220419884
-0.63601845286193,-0.622299928137929,-0.62212639527475
-0.621406041545836,-0.61057845034169,-0.610576155152882
-0.584336315894143,-0.599865877197029,-0.599973010244747
-0.642809669716709,-0.619515350670026,-0.619348311879136
-0.657841554894567,-0.67830945050549,-0.678221096289835
-0.579966552374058,-0.590831782101569,-0.590737800489124
-0.597396548452112,-0.602550154006271,-0.602496543316347
-0.579012160104763,-0.600078719735149,-0.599983389863368
-0.607973195023063,-0.612135726648404,-0.611970228693054
-0.558329846866572,-0.566879558624789,-0.566893928928699
-0.523171637623207,-0.528044475427156,-0.527483111735086
-0.578447253349755,-0.5780649415165,-0.578023741703044
-0.621991107670595,-0.621537201860458,-0.621556169997739
-0.627549239019845,-0.631215396765051,-0.631667874625066
-0.631269684818423,-0.619320052117035,-0.619347962006647
-0.518312240518457,-0.525835774133314,-0.525078008791677
-0.603455323000463,-0.60166941419987,-0.601508107743714
-0.598882291662841,-0.59322334389498,-0.593497108081871
-0.612190720203885,-0.615593243082012,-0.615546024763147
-0.616810963097533,-0.61699950800206,-0.61701752679024
-0.596488884653985,-0.601386084842037,-0.601201651688691
-0.558669203108541,-0.574786064072271,-0.574683193649128
-0.562511158641939,-0.5717210741166,-0.571416895526673
-0.613398672574786,-0.611326205680729,-0.611349885679102
-0.593260853717319,-0.609162441900024,-0.60916036487074
-0.625705875440656,-0.62603631587904,-0.626008827086674
-0.565776671363792,-0.585596038408869,-0.585489654443194
-0.563930704187512,-0.569666386888772,-0.569602080857308
-0.574925931916017,-0.587972825717877,-0.588023225471933
-0.599209945323289,-0.607972978089005,-0.608231025589612
-0.59957834884675,-0.604992319373581,-0.604858834352184
-0.513978321403444,-0.51553903680593,-0.515807203753045
-0.643782160801614,-0.64906782846537,-0.649028813992032
-0.598368552828097,-0.602089948531704,-0.601875075795074
-0.586877190349384,-0.584110104030886,-0.58412964491174
-0.618782857783851,-0.619844809004433,-0.620031124628162
-0.58829267098371,-0.590569568192892,-0.590521937120084
-0.5929664064168,-0.598351487239471,-0.598406569547213
-0.589202145442039,-0.589793363529223,-0.590048844149398
-0.596457364425205,-0.58566908830122,-0.585613907823858
-0.617710905356184,-0.614875717540966,-0.614863997058077
-0.63973151778144,-0.636993390344556,-0.637082715837685
-0.583804281898083,-0.596806497690703,-0.596798094302573
-0.555042127677862,-0.567979434066269,-0.56797362007804
-0.624537699690602,-0.633523066600015,-0.633518299783964
-0.639812203922146,-0.647967755629472,-0.647970530866205
-0.628073937231235,-0.617376086704572,-0.617373680942213
-0.614626509693556,-0.618651787412821,-0.618751251738882
-0.56515775816579,-0.57377686549171,-0.573553605312955
-0.577555476334338,-0.558792863482406,-0.558598902060021
-0.559925790802875,-0.555649843522837,-0.555625201915179
-0.607610263882704,-0.601831148713112,-0.601903039635953
-0.597468032271465,-0.597220843100171,-0.596983756793188
-0.617495941901285,-0.596082271149567,-0.596017613559346
-0.561852252806134,-0.576825685983004,-0.577027422151967
-0.588124551303825,-0.592982057562395,-0.592513988327171
-0.621979040062602,-0.612550009493342,-0.612608224020055
-0.580375123270151,-0.583322790614828,-0.583309051144924
-0.611074987118625,-0.613668432560384,-0.613826981253101
-0.558922254964163,-0.57628102127716,-0.576277806359653
-0.609054242050122,-0.620120901261409,-0.620122174588505
-0.617620164350713,-0.615650671267395,-0.615514692627602
-0.573274030540043,-0.581107238970714,-0.581060799497759
-0.606520963309292,-0.611653493660604,-0.611538233576491
-0.631473365110214,-0.638679433877072,-0.638637442565288
-0.613375637383159,-0.618513940105237,-0.618908235488428
-0.590348500760895,-0.605175493349388,-0.605268720359476
-0.595359204517469,-0.599227590078794,-0.599210186548576
-0.609979848826241,-0.604483372795574,-0.604818953195394
-0.598206994175608,-0.611228666029584,-0.611166127642593
-0.593318956704103,-0.596358544126538,-0.596493432405459
-0.552323266917739,-0.562773840200846,-0.562501719459993
-0.626576178553582,-0.63290954452748,-0.632575213718009
-0.586900137488204,-0.585385591309887,-0.585385505998235
-0.601607383589625,-0.597763570844069,-0.597770667867775
-0.585588073637988,-0.574757205929131,-0.574716651551089
-0.561122700828158,-0.540556555574153,-0.539957569134624
-0.626118677112947,-0.629424853643574,-0.62941400288935
-0.550293539426049,-0.545610360159768,-0.545582321647008
-0.666611150148528,-0.657273953876489,-0.655327669237242
-0.610723758827239,-0.602134502285584,-0.602562809345735
-0.576164089761949,-0.577071138204742,-0.577148787386891
-0.568665753842267,-0.570766158896201,-0.571276272145456
-0.588607155291512,-0.595479200604835,-0.595543662475255
-0.616966816434732,-0.617367366189692,-0.61757805697505
-0.598394598784914,-0.613730906894844,-0.613727958270907
-0.569692098968059,-0.56923464710055,-0.568739311637427
-0.617565627043627,-0.621264257205729,-0.621235838519697
-0.623762013644778,-0.633963863325863,-0.634355010530968
-0.613487220757742,-0.603527445164306,-0.603375788245993
-0.577908777883707,-0.584108810508065,-0.583756847873449
-0.574979307127831,-0.578838247875765,-0.578812986145102
-0.63247332364473,-0.640240255817297,-0.640145935521886
-0.605427205590674,-0.600020210637178,-0.599882392435667
-0.662820044769779,-0.665601443058187,-0.665694420975265
-0.587598971894088,-0.594991410181286,-0.595205412157917
-0.579950902795634,-0.587912496534638,-0.58801065124477
-0.555558100300556,-0.557449569360094,-0.55746869282121
-0.58164302460738,-0.589032894834439,-0.588907988183171
-0.585661283609958,-0.596357353107445,-0.596287912439522
-0.602758236848651,-0.603368056922538,-0.60341783337798
-0.559280125510206,-0.572738928250607,-0.572914188978225
-0.601123682899203,-0.607808816358934,-0.607769435443222
-0.590857950801646,-0.584677899647946,-0.584422348347145
-0.564523742028217,-0.581587691049953,-0.581493440793511
-0.59787101476646,-0.595176816598228,-0.595178797228461
-0.562756377834498,-0.56369844252225,-0.563875279106114
-0.607008128744384,-0.623537842707478,-0.623474107638768
-0.554644637550101,-0.558434434217448,-0.558321868936243
-0.594326763862253,-0.594054664082091,-0.593888552317944
-0.589427076418399,-0.588961436966282,-0.588967346927373
-0.568049340635833,-0.581035437415256,-0.580960468670232
-0.616476024137248,-0.603857128840433,-0.603854043765715
-0.551315330530606,-0.559288817973571,-0.559296947235705
-0.560419968165292,-0.570055948565689,-0.570305781089621
-0.569454810842478,-0.581876016887647,-0.581994574360325
-0.585048729574167,-0.584799020658703,-0.584829272338146
-0.49988061941168,-0.528741004593703,-0.528708481589322
-0.59901581533273,-0.597346859108867,-0.597181170335973
-0.560998918342361,-0.572773262633711,-0.57275165598281
-0.600081870523538,-0.617564643488844,-0.617133252896871
-0.573374625809389,-0.593524920142281,-0.593453823836813
-0.591934506142709,-0.578059476394824,-0.57797622645669
-0.601235307260908,-0.606012818037812,-0.605999849779557
-0.618120042999375,-0.605205100960101,-0.605190530973524
-0.576977911997738,-0.563774274101835,-0.563445244840789
-0.60294584533663,-0.611580663009666,-0.61144203926132
-0.540255930824465,-0.555768984431809,-0.555796771067993
-0.595100078959372,-0.58701715502295,-0.586780392522756
-0.654499576623705,-0.652331283816235,-0.652553761204393
-0.591718499199257,-0.61784127063144,-0.617853640516776
-0.575978565753616,-0.582540042830493,-0.582615473603906
-0.597389575568926,-0.601859314904038,-0.601805261574992
-0.600793987059925,-0.596074060059728,-0.596068800039656
-0.615240202797797,-0.590584305858138,-0.590531566079527
-0.618944922480007,-0.615841499782925,-0.615860395601735
-0.613406424980764,-0.615996675898509,-0.615519248959283
-0.599677039624031,-0.599646843784401,-0.599548120113518
-0.597367563200567,-0.604444327764924,-0.604340316577273
-0.622404531721793,-0.615784364660329,-0.615677406178216
-0.58961515804285,-0.592969334709835,-0.592968172228401
-0.542244779301355,-0.553196343998083,-0.553160341240817
-0.603030880498113,-0.604199475740722,-0.604190102982277
-0.601227231167119,-0.623318419972616,-0.623211009542887
-0.53892453486748,-0.540846398566807,-0.540831522041183
-0.643945853362792,-0.640987740701006,-0.640890163229415
-0.562749807691421,-0.558852714466801,-0.558850087676606
-0.594456125647212,-0.59700712336304,-0.596983430203896
-0.561052012106868,-0.567522393942667,-0.567350056449133
-0.622307207248975,-0.623489695378205,-0.622919787172772
-0.619590311822226,-0.615835814837804,-0.615668602557209
-0.587080458727771,-0.597172194288004,-0.5971156845626
-0.573931028583514,-0.571143068034017,-0.571424602352971
-0.581948431433245,-0.575447458158885,-0.575370452760811
-0.589224477755742,-0.595471204791389,-0.595511042457604
-0.59244285614425,-0.590954921433224,-0.590807162322456
-0.563704069092952,-0.557386718346246,-0.557510940635195
-0.60214963218858,-0.602272539964389,-0.601258679168988
-0.611282648095915,-0.629180660939596,-0.629316860177395
-0.582839487113585,-0.594454901471253,-0.594489295147738
-0.622023059268883,-0.627979125290535,-0.627978225465881
-0.614827683675529,-0.624789388445077,-0.625730777415856
-0.625091887002539,-0.621134206304991,-0.621100575517127
-0.587698581538762,-0.58593564352905,-0.58585635371394
-0.559593742716826,-0.576879109150695,-0.576810060030256
-0.576921955652396,-0.594418462669805,-0.594478480241571
-0.611994778485765,-0.615910987014048,-0.615847271400728
-0.618944360229904,-0.613006707687318,-0.613006648077408
-0.548037470298599,-0.563087095644045,-0.5630643134536
-0.571019399593916,-0.569893688698093,-0.569920270612683
-0.620028704809193,-0.623618474414704,-0.623399886379987
-0.619853190421177,-0.618706765602241,-0.618493265231081
-0.564353070352528,-0.552174990229489,-0.551945677219783
-0.578667046722867,-0.557783998421761,-0.557847045690222
-0.600429305857505,-0.602815361228386,-0.602997583373313
-0.583180171011647,-0.593292493320159,-0.593328391563827
-0.628123970529048,-0.613330948902989,-0.613355933589352
-0.55543944098181,-0.55632325392975,-0.556453511711092
-0.650173935220368,-0.639660881082397,-0.639506053677504
-0.636941813875529,-0.637133577251485,-0.637116726374607
-0.639693337890485,-0.634412468632817,-0.633568029714129
-0.601005332505909,-0.602357340669107,-0.602445375473856
-0.632058267469081,-0.638788049571176,-0.638420467231698
-0.601040075484926,-0.597908031855045,-0.597906745831808
-0.555597850632293,-0.570827838597717,-0.570764555758796
-0.593794567550502,-0.59818669804746,-0.597974153926149
-0.586238172501544,-0.591603224702832,-0.591277114311969
-0.607892692875637,-0.609219108659871,-0.609207033060938
-0.648849836455421,-0.656924603355465,-0.656923667646117
-0.602795183271773,-0.604402684378669,-0.603730036669194
-0.596628028841652,-0.603201895672538,-0.603199496894302
-0.58659177094415,-0.579933671910277,-0.579872100083651
-0.667740410468173,-0.663926719506371,-0.66393351241824
-0.580264394105241,-0.597893370536715,-0.597901777911388
-0.648396611822912,-0.641350755581811,-0.641355421738905
-0.552495966901779,-0.544481340074711,-0.544456260580515
-0.627371010605294,-0.624227224063293,-0.62422159345594
-0.589328592827291,-0.596728081255956,-0.596461464815823
-0.554590113270536,-0.569133042642991,-0.569108352432274
-0.563392832059356,-0.53126177302545,-0.531209911789484
-0.556197485565083,-0.56515277176224,-0.565214279260095
-0.583826296106982,-0.60453410492082,-0.604003399324879
-0.610254260607253,-0.612039103235924,-0.612047499384647
-0.612114945326486,-0.626682349284976,-0.625622843432372
-0.641817858803954,-0.638369431737897,-0.638383037218213
-0.57726623108688,-0.612090115718988,-0.612100015657763
-0.563998969324749,-0.571762734435354,-0.571789352665151
-0.572548684319175,-0.57429982605092,-0.574469827695908
-0.659533628036189,-0.655693131879326,-0.655949194681499
-0.622633069030734,-0.620894145674623,-0.621465188812369
-0.579283951855535,-0.586999415828061,-0.586962332202103
-0.629910178105539,-0.642824280594332,-0.642823131154967
-0.607636928856759,-0.596743334470599,-0.596387426747928
-0.598735066298761,-0.608171678976021,-0.608332226885671
-0.580131100317685,-0.577595039425427,-0.576250124601239
-0.598954396527611,-0.609055376088866,-0.608989982920932
-0.613989643785983,-0.614545824728869,-0.614436908134035
-0.543160439413979,-0.541540786580457,-0.541178574416883
-0.63249528610177,-0.614164521219367,-0.61416829262734
-0.561951303174657,-0.572218764799105,-0.57210803248534
-0.656738116174681,-0.651025562892074,-0.651297249749277
-0.620191993089228,-0.633979075004008,-0.633968850686795
-0.603802853712761,-0.615856016718116,-0.615847789103653
-0.615776553214582,-0.622440330426361,-0.622454917226661
-0.603279674175795,-0.604240231926151,-0.603423036010278
-0.631575740930234,-0.629432654590422,-0.629548835426482
-0.603225159558163,-0.610306652027506,-0.610263227951247
-0.594845318889387,-0.60525563954716,-0.605259549942077
-0.516266921666089,-0.532639073549733,-0.532427165097504
-0.622355101003985,-0.64034524503474,-0.640330875387984
-0.589166335957654,-0.578470588511053,-0.577909646373873
-0.609839732746349,-0.626219985419195,-0.626324194125609
-0.60133983216094,-0.59475631166375,-0.595109074809457
-0.622048630804603,-0.625421429109593,-0.625360814492735
-0.584108109912694,-0.58459732817894,-0.583996835471883
-0.61125819991286,-0.616743446365956,-0.617190772485654
-0.602875525274135,-0.60198550677172,-0.601766214820433
-0.610151818473201,-0.605390795742675,-0.605310663562288
-0.57201922364907,-0.582759657969352,-0.582731345357075
-0.567789382506276,-0.574157439716872,-0.574420221898848
-0.590929083146362,-0.595446745647543,-0.595434117619116
-0.6516199618305,-0.638491909884632,-0.638189279563172
-0.600971083593611,-0.599826879867837,-0.599838759539888
-0.629618144757486,-0.631653353755509,-0.631655729489205
-0.565862756586066,-0.581566682790251,-0.581562554560781
-0.614751446655991,-0.616746780356823,-0.617050630605722
-0.587374746203762,-0.589414188269487,-0.589373954818334
-0.571778431411172,-0.580106566074465,-0.581483441153941
-0.584061858138197,-0.584486356616526,-0.584462600758314
-0.624372486359053,-0.623893843644488,-0.623771615785452
-0.592859955471719,-0.594831092785566,-0.59551883075029
-0.557634984213566,-0.559928496467318,-0.559966061689039
-0.620166172029467,-0.609054279273259,-0.609112531079596
-0.646226839394014,-0.650042469564191,-0.649898614968131
-0.576084866252263,-0.577569379848008,-0.577540118529769
-0.616653599886823,-0.615065803782498,-0.614926758789383
-0.568585996646338,-0.563263325743768,-0.563216517547248
-0.615366270507717,-0.614111776460263,-0.614099586233465
-0.594271544210687,-0.585330801294131,-0.585141856690921
-0.595418371443458,-0.605771371243978,-0.605792794759083
-0.625870061230494,-0.630004504178334,-0.630036976860296
-0.561280249897646,-0.571555295808194,-0.571409009344128
-0.582291544317951,-0.594410627183738,-0.594370742078963
-0.581151022289947,-0.572712475657677,-0.572960507004005
-0.564882079627611,-0.579092489528304,-0.579180281597998
-0.565321527408592,-0.574427419865922,-0.574358696068897
-0.579399620332479,-0.592840482497911,-0.592832101869169
-0.610130584911627,-0.620454383567974,-0.620550440124878
-0.618045231201918,-0.613057758159362,-0.613116670474412
-0.577649939514462,-0.585138610581008,-0.585105646948531
-0.573630330114672,-0.574688721652995,-0.574838604536105
-0.605664876356363,-0.61279674999363,-0.612790883723705
-0.59121733213405,-0.600229507432811,-0.600250327478799
-0.654441185888797,-0.65049762646364,-0.65052663166355
-0.59735261121638,-0.591202375518952,-0.591175878224797
-0.551291231299948,-0.546066589672893,-0.546131170917857
-0.604531829094034,-0.601193127345904,-0.601187493500394
-0.600842098599253,-0.598256911106325,-0.598307071505255
-0.5672857394633,-0.564718991603609,-0.564718061894034
-0.642943944533986,-0.647905996141084,-0.647898345341426
-0.57375113269406,-0.561754923707552,-0.561918402285339
-0.594632276437165,-0.604485017378784,-0.604508108847422
-0.597894727753052,-0.595193088481242,-0.595189444530722
-0.563075301980035,-0.567511956361243,-0.567641078225954
-0.655536813012915,-0.664720107712731,-0.664213433740858
-0.590779380678199,-0.588076940902596,-0.588116987938224
-0.610424533681341,-0.61060550603183,-0.610596578572123
-0.581097499505694,-0.573192840183227,-0.573194044707821
-0.586029303401821,-0.588868303060774,-0.589538526750727
-0.581654777902879,-0.602256365228845,-0.602222017067602
-0.567782741590881,-0.575044130667801,-0.575174823213858
-0.561542658691269,-0.567788360338797,-0.567734211520079
-0.532139431090453,-0.550548383009255,-0.550548538134137
-0.64056975813631,-0.630502153629682,-0.630503368318432
-0.614262647309164,-0.622987063438997,-0.623025706214239
-0.610264056428031,-0.609525948330773,-0.609536863140183
-0.606729684947162,-0.617914844398681,-0.617822566212484
-0.588661648330421,-0.584169470936284,-0.584324004243992
-0.598648499505701,-0.6070316338303,-0.606244956347981
-0.603920472564496,-0.592031122506845,-0.591979037142573
-0.639190480220195,-0.628275900935829,-0.627816577450497
-0.571733918076978,-0.556734571635304,-0.556482167501761
-0.60011774188428,-0.594731670714823,-0.594618031426843
-0.654064503969757,-0.656250687998708,-0.656354882103928
-0.590903894463158,-0.58787045828616,-0.587849134733462
-0.569628858106789,-0.576738153728396,-0.5768839266163
-0.583504117354853,-0.588886707992693,-0.588912977589753
-0.57602596445455,-0.588910406690591,-0.588725779978236
-0.577827837895898,-0.572192072491279,-0.572175111186222
-0.575050177695095,-0.572823207667998,-0.572969453843674
-0.606830097386009,-0.608352331971644,-0.608527568170435
-0.574534066202137,-0.564050214764943,-0.564311502780507
-0.610822684861432,-0.628665548495129,-0.628605967852962
-0.546411321059745,-0.561740578845907,-0.561395162377665
-0.644742882518414,-0.633484002983365,-0.633512362078704
-0.620432962213532,-0.621107807586466,-0.621105711725465
-0.62340064115021,-0.610636185943666,-0.610315019056556
-0.59495043173691,-0.592536174729663,-0.591587150882416
-0.682327435158746,-0.677838354271352,-0.677941959735643
-0.573605686187983,-0.576178702725266,-0.576093115167541
-0.593749998355088,-0.603199067225828,-0.603204944692129
-0.622772529247387,-0.628742433090125,-0.628610449713456
-0.591501708945139,-0.599733966847535,-0.59968454785607
-0.57388868137571,-0.585012282409915,-0.584994700607955
-0.600451686849993,-0.584296270758283,-0.584333144622251
-0.624539264723912,-0.605039979447836,-0.60508362173625
-0.630735386500322,-0.63178202711426,-0.63275083643086
-0.57211213318275,-0.570969876922997,-0.571082780527803
-0.596917475101751,-0.569143524687427,-0.569117577090289
-0.610868169180316,-0.602200951537127,-0.602239882792085
-0.617654034958247,-0.612088673605002,-0.612091703456953
-0.606618448859858,-0.551406691314189,-0.549052630479106
-0.622452681941008,-0.612066090703744,-0.612050927771692
-0.617141252226158,-0.626356600980882,-0.626345777316603
-0.601106029795767,-0.58958726917388,-0.588800429012747
-0.54637663547909,-0.559445780072949,-0.559398715249124
-0.582403924226029,-0.585900654516284,-0.585904935079512
-0.585547739859539,-0.584148016732347,-0.583905647481746
-0.62164056859168,-0.605155547927571,-0.604816758432152
-0.551485574602808,-0.564024401537453,-0.564050332159915
-0.617495991303226,-0.616149065105842,-0.616099577040014
-0.561525258963428,-0.567318606843847,-0.568181115936594
-0.618790545269593,-0.630181566192538,-0.630217708813816
-0.590408953258537,-0.579453697498736,-0.579536739693453
-0.574149440800995,-0.583984957369689,-0.584028520693128
-0.637592181552031,-0.63651102677472,-0.636329071795371
-0.56444075634517,-0.555558366358312,-0.555895726007198
-0.574421196234284,-0.572990360197476,-0.572750013254001
-0.61394048006561,-0.608259750895918,-0.608177815839409
-0.633568783768059,-0.633709102866196,-0.633456339329955
-0.566546777508675,-0.572379432084753,-0.572436262869289
-0.591591024006258,-0.601408034745936,-0.601405311258075
-0.606125002227813,-0.600454911316753,-0.600144510300758
-0.636008428900575,-0.645623927181426,-0.645632940262864
-0.615524118607119,-0.621297115360067,-0.620248645788014
-0.620228425110798,-0.623421361446988,-0.623922299645043
-0.600693794777406,-0.60327617166717,-0.60323817909806
-0.584331152809654,-0.580108478659456,-0.580231042246843
-0.557200760702546,-0.557239065500052,-0.557219260843977
-0.590136085528183,-0.592106108541563,-0.592088144523877
-0.608900403986096,-0.604552055822562,-0.604477310989029
-0.580618913821848,-0.590166195456452,-0.590180500302051
-0.612099181422916,-0.606759568147823,-0.607059741209804
-0.56977412054392,-0.575330440877859,-0.575371208228673
-0.593467400592191,-0.599416574738122,-0.599415692194083
-0.594709076393476,-0.600382200800392,-0.600180624435359
-0.578635049430098,-0.587431874109377,-0.587440157894746
-0.596104654522235,-0.599132285395473,-0.599169201746251
-0.607851832466754,-0.604092641387362,-0.604151389029032
-0.585826662989907,-0.594427414621184,-0.59441432320427
-0.646742347404836,-0.644859200172627,-0.644996076021784
-0.625006448324719,-0.645139049024308,-0.645218712751874
-0.589216493084719,-0.60127495480272,-0.601440424280313
-0.606258146396191,-0.597836106720111,-0.597865254695464
-0.67720376926396,-0.683361797682939,-0.683361668474796
-0.573434054131615,-0.576651485637551,-0.57705407476464
-0.540925473529033,-0.55745980599526,-0.557771187420548
-0.587978141149916,-0.592678635779953,-0.592607169181167
-0.62253308321569,-0.620421302548214,-0.620653925036592
-0.577902047390139,-0.584914892278867,-0.584843893164914
-0.578252888387897,-0.587500094299492,-0.58756927240807
-0.635590428477877,-0.633284506518567,-0.633219763065421
-0.590698983615687,-0.583945006424999,-0.583905687641171
-0.625445650560711,-0.622175601746137,-0.62323390869226
-0.584411671968753,-0.600519600348312,-0.599841952672608
-0.643569557339169,-0.633480987353296,-0.633402457080782
-0.577713191675437,-0.564281094241414,-0.564273934160798
-0.579297670552545,-0.57168420597694,-0.571911750786598
-0.587073129993892,-0.576904245172304,-0.576924765495125
-0.549239935613239,-0.558239242240378,-0.558240360418385
-0.557643108767089,-0.556925409582387,-0.556936934438728
-0.618043702268499,-0.626477076558567,-0.626571880363792
-0.53936289172821,-0.545542605039343,-0.545542126274071
-0.570996547716921,-0.571264853900133,-0.571259282867663
-0.63185486042867,-0.620776495099997,-0.620002269064957
-0.590065695340665,-0.611278861474911,-0.611100737671227
-0.604535594528741,-0.596772662370486,-0.596789042917658
-0.587647781862481,-0.581931338656986,-0.5820453991849
-0.587880618464199,-0.605834595549199,-0.605828049707281
-0.620011098062497,-0.618251733979176,-0.618450015008371
-0.577869007717598,-0.580034974054396,-0.579931292300724
-0.60156288712073,-0.598563268988669,-0.599276592922482
-0.570017637116006,-0.579476952095913,-0.579485895223977
-0.539001675726241,-0.546450958494505,-0.546327234011245
-0.620641809349306,-0.603578333851189,-0.603519795282538
-0.564969253071407,-0.55932819366566,-0.559431228221734
-0.656706167664578,-0.650009714263142,-0.649951300204222
-0.646061312376102,-0.652078390288034,-0.651680721340693
-0.585916826214121,-0.59558002237049,-0.595579238832205
-0.608583726436896,-0.609394152476339,-0.608333619566799
-0.613164109198065,-0.605327410666181,-0.60543114340244
-0.594013800444218,-0.599378707392128,-0.599386789292822
-0.596782298694956,-0.603790329770822,-0.603882549596003
-0.623358404366161,-0.62393174002328,-0.623750913929348
-0.594957823405931,-0.59849020747896,-0.598406102700507
-0.599918905932749,-0.609441844942542,-0.609439802752064
-0.607281364042985,-0.607963328918182,-0.607973691424344
-0.561368568732168,-0.57088868992622,-0.570791034529469
-0.555511286288472,-0.543983730196103,-0.544019314472566
-0.599678156975353,-0.604427466720916,-0.604417149585074
-0.64091785030756,-0.653592701256009,-0.653566223497159
-0.615732612876044,-0.608169357205135,-0.608119842677179
-0.608327363636952,-0.615269705644945,-0.61515436000897
-0.609830347552075,-0.614813218606732,-0.614883827873158
-0.594823169968822,-0.608416868196107,-0.608417785012789
-0.556346735963897,-0.559680162625332,-0.559730289538086
-0.561264265601977,-0.548083332775914,-0.548073748356793
-0.607822985120165,-0.604475549783926,-0.604460978746035
-0.551577447168686,-0.569379597723867,-0.569375157909667
-0.636532638556155,-0.635466996676984,-0.635468413004408
-0.575890839213878,-0.577438825224879,-0.577444339101452
-0.626711910306479,-0.621878931329433,-0.62185703673854
-0.566760179398576,-0.578759117345908,-0.578749686292835
-0.610892211651117,-0.632503602148884,-0.632480672924352
-0.583293440703137,-0.597888163436408,-0.597924798206607
-0.617392358298787,-0.625253049172043,-0.62525545286074
-0.563835399437518,-0.563705483863894,-0.563701407718354
-0.61790698603514,-0.608938099740722,-0.608345280133796
-0.60037351196103,-0.600535449368059,-0.600550901606106
-0.679635614835251,-0.649703245206842,-0.647748942517324
-0.658622146751062,-0.655972720345226,-0.655736124852892
-0.615126504659413,-0.627138773059403,-0.627077671451592
-0.583042235717199,-0.590080396057653,-0.590430689651444
-0.62420620903379,-0.617319669577961,-0.617046916363631
-0.583409823822966,-0.591571470139115,-0.591541793015354
-0.625013024070893,-0.611496412732523,-0.61156404673118
-0.583170577542652,-0.596721826733847,-0.596717012216086
-0.563247131014865,-0.563597969365018,-0.563628622395244
-0.563075718678717,-0.573007989476477,-0.573006015388159
-0.64033001950289,-0.623062301528151,-0.623168104995963
-0.546082619978644,-0.541826288431427,-0.541628254083872
-0.59344074580795,-0.59112183134207,-0.591145593347159
-0.599937115642795,-0.607882014748384,-0.607578377918176
-0.612380595938954,-0.612984354503545,-0.612822964539337
-0.586412647074077,-0.583375723291852,-0.583405396265344
-0.672562558021358,-0.660102340878455,-0.660081451866763
-0.594305906923981,-0.603576137803389,-0.603619123941104
-0.550052651750346,-0.551628811742139,-0.551588855705257
-0.602227381860212,-0.612529276820178,-0.612527359912986
-0.582722721207068,-0.592061361850869,-0.592061414384039
-0.571249992840182,-0.5730431081009,-0.572951306350304
-0.623693666099463,-0.631858937215755,-0.631855580804113
-0.600976718783578,-0.611884802153459,-0.611857336444028
-0.625813186869758,-0.629910583984437,-0.629917613172473
-0.603304779934231,-0.615195200855591,-0.615134220740993
-0.626521625718709,-0.626993029576495,-0.626954350070038
-0.601419385615754,-0.602054978854311,-0.602526277754176
-0.615295013148092,-0.62417026211644,-0.623932718602787
-0.532736263437903,-0.536133247207674,-0.536027093953607
-0.560002401118677,-0.568171429478045,-0.568208604748394
-0.613981602891778,-0.63304997471047,-0.632845005240486
-0.659808394458988,-0.660004173120295,-0.659947948276093
-0.619363512549783,-0.616847377119031,-0.616836889134507
-0.586653465071713,-0.592024825311201,-0.592109218785443
-0.619127834947659,-0.616285347974239,-0.616214276247649
-0.652155094405271,-0.640897320140735,-0.64089104125402
-0.663906784101442,-0.6226042254155,-0.622602196528553
-0.597368673431842,-0.616463086880895,-0.616068460753613
-0.615306046181459,-0.625344290335753,-0.625381959889047
-0.608872405203714,-0.599865749038156,-0.599811722913918
-0.594189770902994,-0.592248291085292,-0.592246857728603
-0.587975690892473,-0.585833941556943,-0.585783976141503
-0.523873923516855,-0.527697947884299,-0.527419802450162
-0.601687916933979,-0.596510316745833,-0.596575647263112
-0.599117950750442,-0.611327396519426,-0.609759255632686
-0.583636079984624,-0.566490204047581,-0.566487657982916
-0.626053465973596,-0.627954099690228,-0.628203254185829
-0.564909989428687,-0.574433843634501,-0.573959636105884
-0.62901324351369,-0.61606520124981,-0.616027673074219
-0.58557598305136,-0.580083221923036,-0.58016320895348
-0.651999974616532,-0.640455055199013,-0.6398105005036
-0.619287631650532,-0.625405245146605,-0.62528476502315
-0.619656749623317,-0.627727305073977,-0.627901794625535
-0.615765494172218,-0.633547862920002,-0.633513809663079
-0.627706343941281,-0.620229071054096,-0.620215395257513
-0.643609402214617,-0.649243069302073,-0.648903198671058
-0.614371091154088,-0.616231072243345,-0.615331980560807
-0.599956784254005,-0.604696257415903,-0.604519132728891
-0.63974282593489,-0.643375336789742,-0.643374690458968
-0.616520321811031,-0.616161066414179,-0.61612631737208
-0.626556693949213,-0.622062507761617,-0.622346434443856
-0.601954822086533,-0.601116710530774,-0.600504768777153
-0.579069900902712,-0.603099410126063,-0.603321061494269
-0.582813450497092,-0.586421700692712,-0.586407624751599
-0.587577105447781,-0.593137170670098,-0.593136149855895
-0.605161556402471,-0.59965912128435,-0.599636108730414
-0.595369910427218,-0.606953537101565,-0.606952581297566
-0.61549133193654,-0.617076253046725,-0.616320421016831
-0.571587967010069,-0.57431990170998,-0.574372902101515
-0.597458477098916,-0.60906601673591,-0.609029010402186
-0.611870893631678,-0.618994203296012,-0.618749924713439
-0.58549880424518,-0.596223856842362,-0.596221234565157
-0.593259272577308,-0.604624470282713,-0.604733833691373
